function mpc = tes123
%TES123

%% MATPOWER Case Format : Version 2
mpc.version = '2';

%%-----  Power Flow Data  -----%%
%% system MVA base
mpc.baseMVA = 100;

%% bus data
%	bus_i	type	Pd	Qd	Gs	Bs	area	Vm	Va	baseKV	zone	Vmax	Vmin	lam_P	lam_Q	mu_Vmax	mu_Vmin
mpc.bus = [
	1	3	0	0	0	0	1	1	0	135	1	1.05	0.95	0.0000	0.0000	0.0000	0.0000;
	2	2	0.044485	12.7	0	0	1	1	-0.0023418384	135	1	1.1	0.95	0.0000	0.0000	0.0000	0.0000;
	3	1	0.01312	1.2	0	0	1	1	-0.00347036719	135	1	1.05	0.95	0.0000	0.0000	0.0000	0.0000;
	4	2	0.01558	1.6	0	0	1	1	-0.00390028255	135	1	1.05	0.95	0.0000	0.0000	0.0000	0.0000;
	5	1	0	0	0	0.19	1	1	-0.0046463332	135	1	1.05	0.95	0.0000	0.0000	0.0000	0.0000;
	6	1	0	0	0	0	1	1	-0.00480842421	135	1	1.05	0.95	0.0000	0.0000	0.0000	0.0000;
	7	2	0.04674	10.9	0	0	1	1	-0.00602903008	135	1	1.05	0.95	0.0000	0.0000	0.0000	0.0000;
	8	1	0.0615	30	0	0	1	1	-0.00600345131	135	1	1.05	0.95	0.0000	0.0000	0.0000	0.0000;
	9	1	0	0	0	0	1	1	-0.00336878398	135	1	1.05	0.95	0.0000	0.0000	0.0000	0.0000;
	10	2	0.01189	2	0	0	3	1	-0.00261468672	135	1	1.05	0.95	0.0000	0.0000	0.0000	0.0000;
	11	1	0	0	0	0	1	1	-0.00336878398	135	1	1.05	0.95	0.0000	0.0000	0.0000	0.0000;
	12	1	0.02296	7.5	0	0	2	1	5.85446452e-05	135	1	1.05	0.95	0.0000	0.0000	0.0000	0.0000;
	13	2	0	0	0	0	2	1	0.00647719705	135	1	1.1	0.95	0.0000	0.0000	0.0000	0.0000;
	14	1	0.01271	1.6	0	0	2	1	-0.00101194412	135	1	1.05	0.95	0.0000	0.0000	0.0000	0.0000;
	15	2	0.01681	2.5	0	0	2	1	-0.000378938306	135	1	1.05	0.95	0.0000	0.0000	0.0000	0.0000;
	16	1	0.007585	1.8	0	0	2	1	-0.00193818131	135	1	1.05	0.95	0.0000	0.0000	0.0000	0.0000;
	17	1	0.01845	5.8	0	0	2	1	-0.00300935284	135	1	1.05	0.95	0.0000	0.0000	0.0000	0.0000;
	18	1	0.01066	0.9	0	0	2	1	-0.00357308685	135	1	1.05	0.95	0.0000	0.0000	0.0000	0.0000;
	19	1	0.019475	3.4	0	0	2	1	-0.00466653336	135	1	1.05	0.95	0.0000	0.0000	0.0000	0.0000;
	20	1	0.01066	0.7	0	0	2	1	-0.00447422753	135	1	1.05	0.95	0.0000	0.0000	0.0000	0.0000;
	21	1	0.035875	11.2	0	0	3	1	-0.00126422372	135	1	1.05	0.95	0.0000	0.0000	0.0000	0.0000;
	22	2	0	0	0	0	3	1	-0.000467279932	135	1	1.1	0.95	0.0000	0.0000	0.0000	0.0000;
	23	2	0.00861	1.6	0	0	2	1	0.00441107233	135	1	1.1	0.95	0.0000	0.0000	0.0000	0.0000;
	24	2	0.017835	6.7	0	0.04	3	1	-0.00047573094	135	1	1.05	0.95	0.0000	0.0000	0.0000	0.0000;
	25	1	0	0	0	0	3	1	-0.00291579592	135	1	1.05	0.95	0.0000	0.0000	0.0000	0.0000;
	26	2	0.007175	2.3	0	0	3	1	-0.00447796535	135	1	1.05	0.95	0.0000	0.0000	0.0000	0.0000;
	27	2	0	0	0	0	3	1	-0.00360526039	135	1	1.1	0.95	0.0000	0.0000	0.0000	0.0000;
	28	1	0	0	0	0	1	1	-0.00493120597	135	1	1.05	0.95	0.0000	0.0000	0.0000	0.0000;
	29	1	0.00902	0.9	0	0	3	1	-0.0072109301	135	1	1.05	0.95	0.0000	0.0000	0.0000	0.0000;
	30	2	0.02173	1.9	0	0	3	1	-0.00874851196	135	1	1.05	0.95	0.0000	0.0000	0.0000	0.0000;
];

%% generator data
%	bus	Pg	Qg	Qmax	Qmin	Vg	mBase	status	Pmax	Pmin	Pc1	Pc2	Qc1min	Qc1max	Qc2min	Qc2max	ramp_agc	ramp_10	ramp_30	ramp_q	apf	mu_Pmax	mu_Pmin	mu_Qmax	mu_Qmin
mpc.gen = [
	1	0.0999999144	0	150	-20	1	100	1	0.1	0	0	0	0	0	0	0	0	0.012	0	0	0	0.0000	0.0000	0.0000	0.0000;
	2	0.0363908732	0	60	-20	1	100	1	0.065	0	0	0	0	0	0	0	0	0.012	0	0	0	0.0000	0.0000	0.0000	0.0000;
	4	-0.00612826539	0	40	-10	1	100	1	0.101	-0.0531	0	0	0	0	0	0	0	999	0	0	0	0.0000	0.0000	0.0000	0.0000;
	7	0	0	40	-10	1	100	1	0	0	0	0	0	0	0	0	0	999	0	0	0	0.0000	0.0000	0.0000	0.0000;
	10	-0.00390047059	0	40	-10	1	100	1	0.0673	-0.0354	0	0	0	0	0	0	0	999	0	0	0	0.0000	0.0000	0.0000	0.0000;
	13	0.0800190128	0	44.7	-15	1	100	1	0.086	0.0745	0	0	0	0	0	0	0	0.008	0	0	0	0.0000	0.0000	0.0000	0.0000;
	15	0	0	40	-10	1	100	1	0	0	0	0	0	0	0	0	0	999	0	0	0	0.0000	0.0000	0.0000	0.0000;
	22	-0.00238508447	0	62.5	-15	1	100	1	0.08424	-0.0443	0	0	0	0	0	0	0	999	0	0	0	0.0000	0.0000	0.0000	0.0000;
	22	0.0969997057	0	62.5	-15	1	100	1	0.097	0.052	0	0	0	0	0	0	0	0.008	0	0	0	0.0000	0.0000	0.0000	0.0000;
	23	0.0819999162	0	40	-10	1	100	1	0.082	0.056	0	0	0	0	0	0	0	0.008	0	0	0	0.0000	0.0000	0.0000	0.0000;
	24	-0.000930928649	0	40	-10	1	100	1	0.0758	-0.0398	0	0	0	0	0	0	0	999	0	0	0	0.0000	0.0000	0.0000	0.0000;
	26	0	0	40	-10	1	100	1	0	0	0	0	0	0	0	0	0	999	0	0	0	0.0000	0.0000	0.0000	0.0000;
	27	0.0299999648	0	48.7	-15	1	100	1	0.03	0	0	0	0	0	0	0	0	0.012	0	0	0	0.0000	0.0000	0.0000	0.0000;
	30	0.000805361871	0	40	-10	1	100	1	0.0673	-0.0398	0	0	0	0	0	0	0	999	0	0	0	0.0000	0.0000	0.0000	0.0000;
];

%% branch data
%	fbus	tbus	r	x	b	rateA	rateB	rateC	ratio	angle	status	angmin	angmax	Pf	Qf	Pt	Qt	mu_Sf	mu_St	mu_angmin	mu_angmax
